1029
1023
1025
1027
1039
1035
1037
1049
1043
1045
1047
1059
1053
1057
1069
1063
1065
1067
1079
1073
1075
1089
1083
1085
1087
1093
1095
1097
1209
1203
1205
1207
1239
1235
1237
1249
1243
1245
1247
1259
1253
1257
1269
1263
1265
1267
1279
1273
1275
1289
1283
1285
1287
1293
1295
1297
1309
1305
1307
1329
1325
1327
1349
1345
1347
1359
1357
1369
1365
1367
1379
1375
1389
1385
1387
1395
1397
1409
1403
1405
1407
1429
1423
1425
1427
1439
1435
1437
1459
1453
1457
1469
1463
1465
1467
1479
1473
1475
1489
1483
1485
1487
1493
1495
1497
1509
1503
1507
1529
1523
1527
1539
1537
1549
1543
1547
1569
1563
1567
1579
1573
1589
1583
1587
1593
1597
1609
1603
1605
1607
1629
1623
1625
1627
1639
1635
1637
1649
1643
1645
1647
1659
1653
1657
1679
1673
1675
1689
1683
1685
1687
1693
1695
1697
1709
1703
1705
1729
1723
1725
1739
1735
1749
1743
1745
1759
1753
1769
1763
1765
1789
1783
1785
1793
1795
1809
1803
1805
1807
1829
1823
1825
1827
1839
1835
1837
1849
1843
1845
1847
1859
1853
1857
1869
1863
1865
1867
1879
1873
1875
1893
1895
1897
1903
1905
1907
1923
1925
1927
1935
1937
1943
1945
1947
1953
1957
1963
1965
1967
1973
1975
1983
1985
1987
2019
2013
2015
2017
2031
2035
2039
2037
2041
2043
2045
2047
2049
2051
2053
2059
2057
2061
2063
2065
2067
2069
2071
2073
2075
2079
2081
2083
2085
2087
2089
2091
2093
2095
2097
2109
2103
2105
2107
2139
2135
2137
2149
2143
2145
2147
2159
2153
2157
2169
2163
2165
2167
2179
2173
2175
2189
2183
2185
2187
2193
2195
2197
2301
2305
2309
2307
2319
2315
2317
2341
2345
2349
2347
2351
2359
2357
2361
2365
2369
2367
2371
2375
2379
2381
2385
2389
2387
2391
2395
2397
2401
2403
2405
2407
2409
2419
2413
2415
2417
2431
2435
2439
2437
2451
2453
2459
2457
2461
2463
2465
2467
2469
2471
2473
2475
2479
2481
2483
2485
2487
2489
2491
2493
2495
2497
2501
2503
2509
2507
2519
2513
2517
2531
2539
2537
2541
2543
2549
2547
2561
2563
2569
2567
2571
2573
2579
2581
2583
2589
2587
2591
2593
2597
2601
2603
2605
2607
2609
2619
2613
2615
2617
2631
2635
2639
2637
2641
2643
2645
2647
2649
2651
2653
2659
2657
2671
2673
2675
2679
2681
2683
2685
2687
2689
2691
2693
2695
2697
2701
2703
2705
2709
2719
2713
2715
2731
2735
2739
2741
2743
2745
2749
2751
2753
2759
2761
2763
2765
2769
2781
2783
2785
2789
2791
2793
2795
2801
2803
2805
2807
2809
2819
2813
2815
2817
2831
2835
2839
2837
2841
2843
2845
2847
2849
2851
2853
2859
2857
2861
2863
2865
2867
2869
2871
2873
2875
2879
2891
2893
2895
2897
2901
2903
2905
2907
2913
2915
2917
2931
2935
2937
2941
2943
2945
2947
2951
2953
2957
2961
2963
2965
2967
2971
2973
2975
2981
2983
2985
2987
3019
3015
3017
3021
3025
3029
3027
3041
3045
3049
3047
3051
3059
3057
3061
3065
3069
3067
3071
3075
3079
3081
3085
3089
3087
3091
3095
3097
3109
3105
3107
3129
3125
3127
3149
3145
3147
3159
3157
3169
3165
3167
3179
3175
3189
3185
3187
3195
3197
3201
3205
3209
3207
3219
3215
3217
3241
3245
3249
3247
3251
3259
3257
3261
3265
3269
3267
3271
3275
3279
3281
3285
3289
3287
3291
3295
3297
3401
3405
3409
3407
3419
3415
3417
3421
3425
3429
3427
3451
3459
3457
3461
3465
3469
3467
3471
3475
3479
3481
3485
3489
3487
3491
3495
3497
3501
3509
3507
3519
3517
3521
3529
3527
3541
3549
3547
3561
3569
3567
3571
3579
3581
3589
3587
3591
3597
3601
3605
3609
3607
3619
3615
3617
3621
3625
3629
3627
3641
3645
3649
3647
3651
3659
3657
3671
3675
3679
3681
3685
3689
3687
3691
3695
3697
3701
3705
3709
3719
3715
3721
3725
3729
3741
3745
3749
3751
3759
3761
3765
3769
3781
3785
3789
3791
3795
3801
3805
3809
3807
3819
3815
3817
3821
3825
3829
3827
3841
3845
3849
3847
3851
3859
3857
3861
3865
3869
3867
3871
3875
3879
3891
3895
3897
3901
3905
3907
3915
3917
3921
3925
3927
3941
3945
3947
3951
3957
3961
3965
3967
3971
3975
3981
3985
3987
4019
4013
4015
4017
4021
4023
4025
4027
4029
4031
4035
4039
4037
4051
4053
4059
4057
4061
4063
4065
4067
4069
4071
4073
4075
4079
4081
4083
4085
4087
4089
4091
4093
4095
4097
4109
4103
4105
4107
4129
4123
4125
4127
4139
4135
4137
4159
4153
4157
4169
4163
4165
4167
4179
4173
4175
4189
4183
4185
4187
4193
4195
4197
4201
4203
4205
4207
4209
4219
4213
4215
4217
4231
4235
4239
4237
4251
4253
4259
4257
4261
4263
4265
4267
4269
4271
4273
4275
4279
4281
4283
4285
4287
4289
4291
4293
4295
4297
4301
4305
4309
4307
4319
4315
4317
4321
4325
4329
4327
4351
4359
4357
4361
4365
4369
4367
4371
4375
4379
4381
4385
4389
4387
4391
4395
4397
4501
4503
4509
4507
4519
4513
4517
4521
4523
4529
4527
4531
4539
4537
4561
4563
4569
4567
4571
4573
4579
4581
4583
4589
4587
4591
4593
4597
4601
4603
4605
4607
4609
4619
4613
4615
4617
4621
4623
4625
4627
4629
4631
4635
4639
4637
4651
4653
4659
4657
4671
4673
4675
4679
4681
4683
4685
4687
4689
4691
4693
4695
4697
4701
4703
4705
4709
4719
4713
4715
4721
4723
4725
4729
4731
4735
4739
4751
4753
4759
4761
4763
4765
4769
4781
4783
4785
4789
4791
4793
4795
4801
4803
4805
4807
4809
4819
4813
4815
4817
4821
4823
4825
4827
4829
4831
4835
4839
4837
4851
4853
4859
4857
4861
4863
4865
4867
4869
4871
4873
4875
4879
4891
4893
4895
4897
4901
4903
4905
4907
4913
4915
4917
4921
4923
4925
4927
4931
4935
4937
4951
4953
4957
4961
4963
4965
4967
4971
4973
4975
4981
4983
4985
4987
5019
5013
5017
5021
5023
5029
5027
5031
5039
5037
5041
5043
5049
5047
5061
5063
5069
5067
5071
5073
5079
5081
5083
5089
5087
5091
5093
5097
5109
5103
5107
5129
5123
5127
5139
5137
5149
5143
5147
5169
5163
5167
5179
5173
5189
5183
5187
5193
5197
5201
5203
5209
5207
5219
5213
5217
5231
5239
5237
5241
5243
5249
5247
5261
5263
5269
5267
5271
5273
5279
5281
5283
5289
5287
5291
5293
5297
5301
5309
5307
5319
5317
5321
5329
5327
5341
5349
5347
5361
5369
5367
5371
5379
5381
5389
5387
5391
5397
5401
5403
5409
5407
5419
5413
5417
5421
5423
5429
5427
5431
5439
5437
5461
5463
5469
5467
5471
5473
5479
5481
5483
5489
5487
5491
5493
5497
5601
5603
5609
5607
5619
5613
5617
5621
5623
5629
5627
5631
5639
5637
5641
5643
5649
5647
5671
5673
5679
5681
5683
5689
5687
5691
5693
5697
5701
5703
5709
5719
5713
5721
5723
5729
5731
5739
5741
5743
5749
5761
5763
5769
5781
5783
5789
5791
5793
5801
5803
5809
5807
5819
5813
5817
5821
5823
5829
5827
5831
5839
5837
5841
5843
5849
5847
5861
5863
5869
5867
5871
5873
5879
5891
5893
5897
5901
5903
5907
5913
5917
5921
5923
5927
5931
5937
5941
5943
5947
5961
5963
5967
5971
5973
5981
5983
5987
6019
6013
6015
6017
6021
6023
6025
6027
6029
6031
6035
6039
6037
6041
6043
6045
6047
6049
6051
6053
6059
6057
6071
6073
6075
6079
6081
6083
6085
6087
6089
6091
6093
6095
6097
6109
6103
6105
6107
6129
6123
6125
6127
6139
6135
6137
6149
6143
6145
6147
6159
6153
6157
6179
6173
6175
6189
6183
6185
6187
6193
6195
6197
6201
6203
6205
6207
6209
6219
6213
6215
6217
6231
6235
6239
6237
6241
6243
6245
6247
6249
6251
6253
6259
6257
6271
6273
6275
6279
6281
6283
6285
6287
6289
6291
6293
6295
6297
6301
6305
6309
6307
6319
6315
6317
6321
6325
6329
6327
6341
6345
6349
6347
6351
6359
6357
6371
6375
6379
6381
6385
6389
6387
6391
6395
6397
6401
6403
6405
6407
6409
6419
6413
6415
6417
6421
6423
6425
6427
6429
6431
6435
6439
6437
6451
6453
6459
6457
6471
6473
6475
6479
6481
6483
6485
6487
6489
6491
6493
6495
6497
6501
6503
6509
6507
6519
6513
6517
6521
6523
6529
6527
6531
6539
6537
6541
6543
6549
6547
6571
6573
6579
6581
6583
6589
6587
6591
6593
6597
6701
6703
6705
6709
6719
6713
6715
6721
6723
6725
6729
6731
6735
6739
6741
6743
6745
6749
6751
6753
6759
6781
6783
6785
6789
6791
6793
6795
6801
6803
6805
6807
6809
6819
6813
6815
6817
6821
6823
6825
6827
6829
6831
6835
6839
6837
6841
6843
6845
6847
6849
6851
6853
6859
6857
6871
6873
6875
6879
6891
6893
6895
6897
6901
6903
6905
6907
6913
6915
6917
6921
6923
6925
6927
6931
6935
6937
6941
6943
6945
6947
6951
6953
6957
6971
6973
6975
6981
6983
6985
6987
7019
7013
7015
7021
7023
7025
7029
7031
7035
7039
7041
7043
7045
7049
7051
7053
7059
7061
7063
7065
7069
7081
7083
7085
7089
7091
7093
7095
7109
7103
7105
7129
7123
7125
7139
7135
7149
7143
7145
7159
7153
7169
7163
7165
7189
7183
7185
7193
7195
7201
7203
7205
7209
7219
7213
7215
7231
7235
7239
7241
7243
7245
7249
7251
7253
7259
7261
7263
7265
7269
7281
7283
7285
7289
7291
7293
7295
7301
7305
7309
7319
7315
7321
7325
7329
7341
7345
7349
7351
7359
7361
7365
7369
7381
7385
7389
7391
7395
7401
7403
7405
7409
7419
7413
7415
7421
7423
7425
7429
7431
7435
7439
7451
7453
7459
7461
7463
7465
7469
7481
7483
7485
7489
7491
7493
7495
7501
7503
7509
7519
7513
7521
7523
7529
7531
7539
7541
7543
7549
7561
7563
7569
7581
7583
7589
7591
7593
7601
7603
7605
7609
7619
7613
7615
7621
7623
7625
7629
7631
7635
7639
7641
7643
7645
7649
7651
7653
7659
7681
7683
7685
7689
7691
7693
7695
7801
7803
7805
7809
7819
7813
7815
7821
7823
7825
7829
7831
7835
7839
7841
7843
7845
7849
7851
7853
7859
7861
7863
7865
7869
7891
7893
7895
7901
7903
7905
7913
7915
7921
7923
7925
7931
7935
7941
7943
7945
7951
7953
7961
7963
7965
7981
7983
7985
8019
8013
8015
8017
8021
8023
8025
8027
8029
8031
8035
8039
8037
8041
8043
8045
8047
8049
8051
8053
8059
8057
8061
8063
8065
8067
8069
8071
8073
8075
8079
8091
8093
8095
8097
8109
8103
8105
8107
8129
8123
8125
8127
8139
8135
8137
8149
8143
8145
8147
8159
8153
8157
8169
8163
8165
8167
8179
8173
8175
8193
8195
8197
8201
8203
8205
8207
8209
8219
8213
8215
8217
8231
8235
8239
8237
8241
8243
8245
8247
8249
8251
8253
8259
8257
8261
8263
8265
8267
8269
8271
8273
8275
8279
8291
8293
8295
8297
8301
8305
8309
8307
8319
8315
8317
8321
8325
8329
8327
8341
8345
8349
8347
8351
8359
8357
8361
8365
8369
8367
8371
8375
8379
8391
8395
8397
8401
8403
8405
8407
8409
8419
8413
8415
8417
8421
8423
8425
8427
8429
8431
8435
8439
8437
8451
8453
8459
8457
8461
8463
8465
8467
8469
8471
8473
8475
8479
8491
8493
8495
8497
8501
8503
8509
8507
8519
8513
8517
8521
8523
8529
8527
8531
8539
8537
8541
8543
8549
8547
8561
8563
8569
8567
8571
8573
8579
8591
8593
8597
8601
8603
8605
8607
8609
8619
8613
8615
8617
8621
8623
8625
8627
8629
8631
8635
8639
8637
8641
8643
8645
8647
8649
8651
8653
8659
8657
8671
8673
8675
8679
8691
8693
8695
8697
8701
8703
8705
8709
8719
8713
8715
8721
8723
8725
8729
8731
8735
8739
8741
8743
8745
8749
8751
8753
8759
8761
8763
8765
8769
8791
8793
8795
8901
8903
8905
8907
8913
8915
8917
8921
8923
8925
8927
8931
8935
8937
8941
8943
8945
8947
8951
8953
8957
8961
8963
8965
8967
8971
8973
8975
9013
9015
9017
9021
9023
9025
9027
9031
9035
9037
9041
9043
9045
9047
9051
9053
9057
9061
9063
9065
9067
9071
9073
9075
9081
9083
9085
9087
9103
9105
9107
9123
9125
9127
9135
9137
9143
9145
9147
9153
9157
9163
9165
9167
9173
9175
9183
9185
9187
9201
9203
9205
9207
9213
9215
9217
9231
9235
9237
9241
9243
9245
9247
9251
9253
9257
9261
9263
9265
9267
9271
9273
9275
9281
9283
9285
9287
9301
9305
9307
9315
9317
9321
9325
9327
9341
9345
9347
9351
9357
9361
9365
9367
9371
9375
9381
9385
9387
9401
9403
9405
9407
9413
9415
9417
9421
9423
9425
9427
9431
9435
9437
9451
9453
9457
9461
9463
9465
9467
9471
9473
9475
9481
9483
9485
9487
9501
9503
9507
9513
9517
9521
9523
9527
9531
9537
9541
9543
9547
9561
9563
9567
9571
9573
9581
9583
9587
9601
9603
9605
9607
9613
9615
9617
9621
9623
9625
9627
9631
9635
9637
9641
9643
9645
9647
9651
9653
9657
9671
9673
9675
9681
9683
9685
9687
9701
9703
9705
9713
9715
9721
9723
9725
9731
9735
9741
9743
9745
9751
9753
9761
9763
9765
9781
9783
9785
9801
9803
9805
9807
9813
9815
9817
9821
9823
9825
9827
9831
9835
9837
9841
9843
9845
9847
9851
9853
9857
9861
9863
9865
9867
9871
9873
9875
